1031400000
1031480000
1050000000
1050080000
1050100000
1050180000
1632320000
1632330000
1024700000
1024780000
1020000000
1020080000
1023700000
1023780000
1060000000
1060080000
1632290000
1632300000
1040800000
1040880000
1730940000
1020100000
1020180000
1632350000
1632360000
1905060000
1905150000
1905140000
1905070000
1042600000
1042680000
1020200000
1020280000
1020300000
1020380000
1042400000
1042480000
1028900000
1028980000
1036100000
1036180000
1028800000
1028880000
1029000000
1040400000
1040480000
1820840000
1820850000
1820550000
1820560000
1802780000
1822210000
1024600000
1024680000
1024500000
1024580000
1041100000
1041180000
1059100000
1059180000
1021500000
1021580000
1022300000
1022380000
1036400000
1029100000
1041600000
1041680000
1084000000
1084080000
1041610000
1041650000
1041900000
1041980000
1041910000
1041950000
1016500000
1016400000
1010000000
1016200000
1036300000
1041620000
1010100000
1905130000
1905120000
1042700000
1041920000
1010200000
1010300000
1042500000
1010400000
1019100000
1010500000
1717740000
1846040000
1846030000
1037300000
1019700000
1855610000
1855620000
1039900000
1039980000
1074600000
1905090000
1905100000
1905080000
1905110000
1763940000
1763950000
1763960000
1763970000
1763980000
1045970000
1880430000
1880410000
1880440000
1880420000
1880390000
1880450000
1886580000
1886590000
1886560000
1886570000
1886550000
1011000000
1011300000
1012200000
1012300000
1012400000
1014000000
1014100000
1014200000
1014300000
1014400000
1966020000
1966090000
1966080000
1966060000
1966050000
1966040000
1966030000
1966070000
1050010000
1021800000
1021900000
1021600000
1021680000
1021700000
1022400000
1577340000
1577260000
1577320000
1577330000
1068260000
1068160000
1577400000
1784460000
1034400000
1070100000
1070000000
1072760000
1072660000
1038900000
1073600000
1073500000
1038500000
1072960000
1072860000
1024100000
1024200000
1024300000
1024400000
1033700000
1033300000
1041500000
1056400000
1023400000
1023300000
1022600000
1023500000
1023200000
1023600000
1038680000
1753280000
1754170000
1754190000
1753290000
1754180000
1754200000
1798460000
1028300000
1029300000
1028380000
1064900000
1065400000
1067100000
1028400000
1029400000
1028480000
1065000000
1065500000
1067200000
1028500000
1029500000
1028580000
1065100000
1065600000
1067300000
1028600000
1029600000
1028680000
1065200000
1065700000
1067400000
1028700000
1029700000
1028780000
1065300000
1065800000
1050070000
1050020000
1072200000
1050050000
1879290000
1050060000
1050040000
1072210000
1050090000
1879140000
1050160000
1819170000
1059140000
1074680000
1819180000
1060090000
1060060000
1859010000
1073000000
1069700000
1069800000
1071000000
1632340000
1632370000
1632380000
1632390000
1650210000
1878660000
1879350000
1066000000
1066100000
1802810000
1872720000
1959580000
1070500000
1066200000
1066300000
1066400000
1066500000
1060300000
1060200000
1060100000
1071360000
1072300000
1072400000
1020060000
1023760000
1037710000
1023790000
1020020000
1020090000
1041960000
1037720000
1020040000
1020010000
1037700000
1036800000
1021560000
1790900000
1022360000
1022350000
1036760000
1037810000
1020120000
1020160000
1037800000
1020140000
1020110000
1037820000
1036700000
1020260000
1040220000
1039600000
1020240000
1020210000
1020360000
1020320000
1020340000
1011060000
1011010000
1011080000
1020700000
1020800000
1025700000
1025610000
1020900000
1021000000
1034000000
1033800000
1026700000
1032300000
1026600000
1032400000
1024800000
1716240000
1784410000
1784390000
1784400000
1853970000
1817860000
1326360000
1799920000
1821480000
1799910000
1799900000
1858450000
1858440000
1858460000
1817780000
1323660000
1853950000
1773340000
1866850000
1772820000
1772810000
1773350000
1853960000
1772830000
1773900000
1430760000
1020050000
102370
106000
173094
102000
105000
102010
102020
102030
103610
102040
105010
102050
160851
160874
160854
160877
160857
160880
160860
163205
163209
160862
160883
174675
174866
174523
174515
101100
101220
101230
101240
101400
101420
101430
101440
101110
1775480000
1776030000
1775530000
1776060000
1775580000
1776090000
1693800000
1693880000
1061200000
1758250000
1758260000
1052360000
1052260000
1052560000
1052460000
1020400000
1058800000
1053260000
1053360000
1020500000
1053060000
1053160000
1058700000
1683800000
1693879999
1061100000
1186740000
1186720000
1608860000
1608940000
1247290000
1839850000
1053660000
1054460000
1247420000
1119840000
1119830000
1119850000
1119800000
1119810000
1119820000
1754210000
1754290000
1137790000
1044440000
1044450000
1776120000
1776200000
1608510000
1608740000
1632050000
1632090000
1608950000
1609030000
1608620000
1608830000
1627850000
1746750000
1748660000
1739680000
1745230000
1745150000
1739690000
1739620000
1739700000
1674300000
1674730000
1689990000
1608540000
1608770000
1608570000
1608800000
1767690000
1749580000
1796800000
1768320000
1775510000
1608640000
1608650000
1608660000
1632080000
1608670000
1746770000
1767670000
1745250000
1768310000
1608520000
1608750000
1636780000
1608760000
1683260000
1683660000
1683270000
1683280000
1683680000
1683290000
1683300000
1683320000
1683330000
1632060000
1632100000
1636830000
1632110000
1683580000
1683590000
1683600000
1683920000
1683610000
1683620000
1683640000
1683650000
1933700000
1772060000
1770370000
1706090000
1770380000
