3000117
3000159
3000162
3000175
3000417
3000585
3000625
3000638
3000641
3000722
3000735
3001132
3001226
3001239
3001591
3001592
3001593
3001594
3001595
3001596
3001597
3001599
3001624
3001763
3001776
3001789
3002665
3002678
3002681
3002843
3002856
3002869
3002885
3002898
3002979
3002982
3003020
3003046
3003062
3003101
3003224
3003541
3003554
3003871
3003910
3004207
3004210
3005947
3005948
3005950
3005963
3006137
3009228
3009231
3009244
3009299
3009341
3009354
3009367
3012011
3014019
3024041
3025163
3025176
3025189
3025309
3025338
3025341
3025406
3025529
3025545
3025888
3026340
3026366
3026379
3026382
3026395
3026405
3026418
3026421
3026434
3026447
3026450
3026463
3026476
3026489
3026492
3026612
3026719
3026861
3026874
3026887
3026890
3026900
3026971
3026997
3027006
3029994
3030116
3030129
3030132
3030145
3030158
3030161
3030174
3030187
3030190
3030213
3030226
3030242
3030255
3030271
3030284
3030297
3030307
3030310
3030323
3030336
3030349
3030352
3030365
3030417
3030420
3030433
3030459
3030462
3030488
3030491
3030512
3030513
3030514
3030527
3030721
3030747
3030789
3030815
3030900
3030941
3030970
3030983
3030996
3031005
3031034
3031704
3031762
3032004
3032017
3032088
3032169
3032170
3032185
3032363
3032376
3032389
3032402
3032428
3032729
3032732
3032745
3032758
3032761
3032774
3032787
3032790
3032800
3032855
3032868
3032871
3033016
3033029
3033032
3033045
3033058
3033061
3033074
3033126
3033139
3033142
3033197
3033210
3033702
3033710
3033715
3033716
3033808
3033809
3033816
3034387
3034390
3034426
3034439
3034442
3034455
3034468
3034484
3034824
3034895
3034947
3035098
3035315
3035357
3035548
3035688
3035690
3035755
3035756
3035757
3035758
3035759
3035760
3035974
3035975
3035976
3035977
3035978
3035979
3035980
3035981
3035982
3036550
3036563
3036602
3036644
3036657
3036660
3036673
3036712
3036725
3036738
3036741
3036767
3036770
3036783
3036796
3036806
3036819
3036822
3036835
3037669
3038189
3038202
3038299
3038309
3038503
3038558
3038590
3038723
3038736
3038749
3038956
3040559
3040588
3040614
3040627
3040630
3040889
3045266
3045279
3045282
3045295
3045554
3045567
3045570
3045800
3045813
3045826
3045839
3045842
3045855
3045868
3045871
3045884
3045897
3045907
3045910
3045923
3045936
3045949
3046140
3046168
3046171
3046235
3046252
3046265
3046272
3046375
3046391
3046498
3046566
3046582
3046605
3046773
3046834
3047028
3047060
3047073
3047086
3047099
3047109
3047112
3047125
3047138
3047141
3047167
3047170
3047183
3047196
3047206
3047251
3047264
3047277
3047280
3047293
3047303
3047316
3047332
3047345
3047358
3047361
3047374
3047387
3047426
3047491
3047923
3048085
3048098
3048357
3048409
3048412
3048532
3048564
3048577
3048852
3056608
3057429
3057445
3057458
3057461
3057665
3058017
3058020
3058046
3058059
3058062
3058114
3058127
3058130
3058143
3058156
3058169
3058172
3058237
3058240
3058253
3058334
3059113
3059126
3059139
3059171
3059184
3059197
3059207
3059210
3059223
3059236
3059249
3059252
3059346
3059647
3059650
3059663
3059919
3060115
3060128
3060131
3060144
3060157
3060160
3060173
3060186
3060199
3060209
3060212
3060225
3060238
3060241
3060254
3061295
3061305
3061318
3061321
3061334
3061347
3061350
3061363
3062074
3062087
3062090
3062100
3062786
3062799
3062809
3062841
3064014
3064030
3064056
3064072
3064098
3064111
3070037
3070121
3070147
3070150
3070320
3070367
3070370
3070383
3071049
3071052
3071065
3071078
3071082
3071095
3073021
3073047
3073063
3073089
3073270
3073296
3073869
3073872
3075870
3075896
3075919
3075935
3075951
3086021
3086034
3086047
3086063
3100017
3100020
3100046
3100059
3100062
3100075
3100091
3100101
3100305
3100318
3100321
3101016
3101029
3101087
3101090
3101113
3101126
3101139
3101197
3101223
3104013
3104097
3105012
3107010
3109018
3110117
3110418
3110515
3113771
3118012
3118096
3118135
3118203
3121012
3121025
3190124
3190137
3190195
3190205
3190247
3190302
3190386
3190438
3190441
3190454
3190506
3191013
3191026
3191039
3191217
3191327
3191330
3191372
3191408
3191437
3191699
3192038
3192054
3192067
3192106
3193011
3193134
3193147
3206131
3206173
3206186
3206209
3208142
3208184
3208375
3208579
3208748
3208799
3208977
3208979
3209112
3209125
3209235
3209248
3209251
3209264
3209515
3209516
3209517
3209519
3209520
3209521
3209522
3209530
3209531
3209532
3209533
3209534
3209535
3209537
3209538
3209539
3209540
3209541
3209542
3210196
3210202
3210209
3210299
3210300
3210303
3210304
3210313
3210314
3210333
3210334
3210353
3210354
3210404
3210443
3210543
3210552
3210553
3210608
3210613
3211003
3211058
3211087
3211113
3211142
3211197
3211207
3211317
3211508
3211634
3211647
3211819
3211858
3211863
3212044
3212057
3212060
3212167
3212963
3213014
3213027
3213030
3213043
3213056
3213069
3213085
3213098
3213108
3213111
3213137
3213166
3213179
3213182
3213195
3213205
3213974
3213975
3213976
3213977
3213978
3213979
3213990
3214006
3214008
3214047
3214053
3214054
3214314
3214356
3214576
3214699
3215000
3215001
3215002
3215003
3215004
3215005
3215006
3215007
3215008
3215030
3215031
3215032
3215033
3215034
3215035
3215036
3215057
3215058
3216263
3240210
3240211
3240212
3240213
3240214
3240215
3240216
3240217
3240218
3240223
3240224
3244575
3244588
3245079
3245082
3245134
3246117
3246175
3246230
3246311
3246586
3246966
3247954
3247967
3248120
3248140
3260067
3260068
3260145
3260148
3260151
3260154
3260157
3260160
3270097
3270100
3270115
3270118
3270119
3270120
3270121
3270125
3270126
3270130
3270131
3270133
3270134
3270135
3270136
3270137
3270142
3270145
3270148
3270149
3270151
3270152
3270153
3270154
3270155
3270156
3270157
3270158
3270159
3270160
3270163
3270166
3270167
3270169
3270172
3270173
3270174
3270175
3270178
3270181
3270184
3270185
3270187
3270190
3270191
3270192
3270193
3270194
3270196
3270202
3270204
3270207
3270208
3270209
3270210
3270300
3270301
3270302
3270303
3270310
3270311
3270312
3270313
3270314
3270315
3270316
3270317
3270318
3270319
3270320
3270321
3270322
3270323
3270324
3270325
3270326
3270327
3270329
3270330
3270340
3270341
3270342
3270343
3270350
3270351
3270352
3270353
3270354
3270355
3270356
3270357
3270358
3270359
3270360
3270361
3270362
3270363
3270364
3270365
3270366
3270367
3270368
3270369
3270400
3270401
3270403
3270410
3270420
3270421
3270422
3270423
3270424
3270425
3270426
3270427
3270428
3270430
3270431
3270432
3270433
3270434
3270435
3270436
3270437
3270438
3270440
3270441
3270442
3270443
3270444
3270445
3270446
3270447
3270448
3270450
3270451
3270452
3270453
3270454
3270455
3270456
3270457
3270458
