3019014, 3028005, 3033016, 3033029, 3033032, 3033058, 3033061, 3033074, 3033126, 3033139, 3033142, 3033155, 3033168, 3033171, 3033184, 3033210, 3033236, 3034015, 3034248, 3034251, 3034264, 3036495
3036505, 3036518, 3036521, 3036534, 3036547, 3036552, 3036576, 3036589, 3036592, 3036826, 3036990, 3037009, 3037012, 3037025, 3037038, 3037041, 3037054, 3037067, 3037070, 3037083, 3037096, 3037106
3037119, 3037122, 3037135, 3037148, 3037151, 3037164, 3037177, 3037180, 3037181, 3037258, 3037261, 3037274, 3037287, 3037290, 3037300, 3037313, 3037326, 3037339, 3037342, 3037355, 3037368, 3037371
3037384, 3037397, 3037407, 3037410, 3037423, 3037436, 3037449, 3037452, 3037465, 3037478, 3037481, 3037494, 3037504, 3037517, 3037520, 3037533, 3037546, 3037559, 3037562, 3037575, 3037601, 3037782
3037795, 3037802, 3037805, 3037818, 3037821, 3037834, 3037847, 3037889, 3037892, 3038011, 3038053, 3038066, 3038079, 3038121, 3038134, 3038147, 3038150, 3038163, 3038176, 3038215, 3038228, 3038231
3038244, 3038257, 3038260, 3038273, 3038286, 3038312, 3038338, 3038367, 3038435, 3038448, 3038451, 3038477, 3038480, 3038493, 3038516, 3038529, 3038532, 3038545, 3038600, 3038639, 3038642, 3038710
3038752, 3038765, 3038778, 3038833, 3038875, 3039887, 3039890, 3039942, 3040012, 3040025, 3040038, 3040041, 3040044, 3040048, 3040052, 3040054, 3040067, 3040070, 3040656, 3040669, 3040672, 3040685
3040753, 3040766, 3040847, 3040892, 3040902, 3040915, 3040928, 3041969, 3041985, 3041998, 3042007, 3042081, 3042094, 3042104, 3042117, 3042120, 3042133, 3042146, 3042159, 3042162, 3042719, 3042722
3042735, 3042736, 3042748, 3042845, 3042858, 3042861, 3042874, 3043789, 3044089, 3044093, 3044144, 3044238, 3044364, 3044365, 3044366, 3044367, 3044380, 3044500, 3044526, 3044539, 3044542, 3044555
3044568, 3044571, 3044584, 3044597, 3044607, 3044638, 3044649, 3044652, 3044665, 3044678, 3044679, 3044680, 3044681, 3044720, 3044733, 3044759, 3044762, 3044775, 3044791, 3044801, 3044814, 3045017
3045020, 3045033, 3045046, 3045059, 3045062, 3045075, 3045088, 3045091, 3045101, 3045114, 3045127, 3045130, 3045143, 3045156, 3045169, 3045172, 3045185, 3045198, 3045208, 3045211, 3045224, 3045596
3045606, 3046003, 3046100, 3046126, 3046139, 3046142, 3046143, 3046144, 3046145, 3046148, 3046149, 3046152, 3046153, 3046184, 3046197, 3046207, 3046210, 3046223, 3046236, 3046249, 3046278, 3046279
3046281, 3046294, 3046304, 3046317, 3046320, 3046333, 3046376, 3046388, 3046401, 3046414, 3046427, 3046430, 3046456, 3046485, 3046486, 3046537, 3046553, 3046579, 3046595, 3046663, 3046676, 3046689
3046692, 3046702, 3046703, 3046715, 3046728, 3046731, 3046744, 3046786, 3047400, 3047413, 3047420, 3047442, 3047452, 3047465, 3047478, 3047617, 3047647, 3047660, 3047663, 3047676, 3047727, 3047730
3047743, 3048027, 3048030, 3048072, 3048331, 3048344, 3048360, 3048373, 3048399, 3048823, 3048836, 3048849, 3049013, 3049026, 3049039, 3049042, 3049110, 3049123, 3049148, 3049233, 3049343, 3049411
3049424, 3049518, 3049521, 3049615, 3049628, 3049660, 3049767, 3049835, 3049851, 3049864, 3049929, 3049945, 3049958, 3049961, 3049974, 3049990, 3050002, 3050015, 3050028, 3050031, 3050044, 3050057
3050060, 3050073, 3050086, 3050099, 3050138, 3050141, 3050154, 3050196, 3050206, 3050219, 3050222, 3050235, 3050248, 3050264, 3050277, 3050280, 3050293, 3050303, 3050316, 3050329, 3050332, 3050345
3050358, 3050361, 3050374, 3050387, 3050390, 3050407, 3050413, 3057199, 3057209, 3057212, 3057238, 3057241, 3057348, 3057351, 3057364, 3057416, 3057432, 3058059, 3058062, 3058114, 3058127, 3058130
3058143, 3058156, 3058169, 3058172, 3058334, 3058350, 3060267, 3060270, 3060283, 3060296, 3060306, 3060319, 3060351, 3060364, 3060377, 3060380, 3060487, 3060490, 3060500, 3060513, 3060527, 3060539
3060542, 3060555, 3060568, 3060571, 3060584, 3061091, 3061101, 3061156, 3061224, 3061237, 3061240, 3061486, 3061499, 3061509, 3061512, 3061758, 3061761, 3061762, 3061774, 3061826, 3061839, 3061842
3062142, 3062143, 3062744, 3064027, 3064043, 3064069, 3064085, 3064108, 3064124, 3064137, 3064140, 3069413, 3069414, 3069423, 3069424, 3069425, 3069426, 3069427, 3069428, 3069429, 3069430, 3069431
3069432, 3069433, 3069434, 3069435, 3069439, 3069441, 3069448, 3069449, 3069450, 3069451, 3069452, 3069453, 3069454, 3069455, 3069456, 3069457, 3069458, 3069459, 3069460, 3069461, 3069805, 3069806
3069810, 3069811, 3069813, 3069815, 3069816, 3069818, 3069820, 3069821, 3069822, 3069823, 3069825, 3069826, 3069849, 3069850, 3069854, 3069855, 3069861, 3069863, 3069864, 3069866, 3069868, 3069869
3069870, 3069871, 3069872, 3069873, 3069874, 3070011, 3070024, 3070053, 3070066, 3070079, 3070134, 3070300, 3070301, 3070310, 3070312, 3070325, 3070330, 3070331, 3070338, 3070341, 3070354, 3070435
3070516, 3070517, 3071350, 3071351, 3071352, 3071353, 3071354, 3071355, 3071356, 3071357, 3071358, 3071359, 3072800, 3072801, 3072803, 3072815, 3072817, 3072818, 3072819, 3072822, 3073018, 3073034
3073076, 3073092, 3073102, 3073115, 3073128, 3073131, 3073144, 3073157, 3073160, 3073173, 3073186, 3073199, 3073209, 3073212, 3073225, 3073238, 3073241, 3073254, 3073267, 3073283, 3073827, 3073830
3073856, 3073979, 3073995, 3074004, 3074088, 3074091, 3074130, 3074143, 3074172, 3075728, 3075731, 3075870, 3075896, 3075919, 3075935, 3076023, 3076028, 3076029, 3076030, 3076031, 3076032, 3076033
3076034, 3076035, 3076039, 3076040, 3076041, 3076042, 3076043, 3076045, 3076277, 3076280, 3076329, 3076361, 3076387, 3076400, 3076442, 3201851, 3205019, 3205022, 3205035, 3205048, 3205051, 3205064
3205077, 3205080, 3205093, 3205103, 3205116, 3205117, 3205118, 3205129, 3205132, 3205145, 3205153, 3205213, 3205226, 3206241, 3206254, 3206267, 3206348, 3206351, 3206364, 3206377, 3206380, 3206416
3206429, 3206432, 3206445, 3206446, 3206447, 3206448, 3206461, 3206474, 3206487, 3206490, 3206500, 3206513, 3206526, 3206539, 3206542, 3206555, 3206678, 3207908, 3208126, 3208127, 3208128, 3208129
3208130, 3208139, 3208156, 3208157, 3208158, 3208159, 3208160, 3208161, 3208168, 3208171, 3208198, 3208199, 3208200, 3208208, 3208333, 3208359, 3208511, 3208524, 3208537, 3208540, 3208544, 3208553
3208566, 3208582, 3208595, 3208745, 3208746, 3208747, 3208760, 3208773, 3208786, 3208943, 3208951, 3208964, 3209015, 3209028, 3209031, 3209034, 3209044, 3209057, 3209060, 3209086, 3209109, 3209138
3209141, 3209154, 3209167, 3209170, 3209183, 3209196, 3209206, 3209511, 3209512, 3209513, 3209514, 3209515, 3209516, 3209517, 3209519, 3209520, 3209521, 3209531, 3209535, 3209536, 3209538, 3209539
3209542, 3209549, 3209550, 3209553, 3209569, 3209579, 3209580, 3209582, 3209583, 3209604, 3209605, 3209606, 3209607, 3209609, 3209612, 3209617, 3209620, 3209621, 3209633, 3209634, 3209635, 3209636
3209646, 3209647, 3209659, 3209662, 3209675, 3209688, 3210033, 3210046, 3210047, 3210059, 3210157, 3210163, 3210169, 3210170, 3210171, 3210172, 3210173, 3210174
