3031047
3031432
3031458
3210176
3210177
3210184
3210185
3210191
3210192
3210193
3210194
3210198
3210208
3210211
3210212
3210224
3210230
3210240
3210251
3210253
3210257
3210258
3210265
3210266
3210267
3210268
3210270
3210271
3210279
3210280
3210282
3210286
3210295
3210301
3210302
3210306
3210307
3210308
3210309
3210311
3210312
3210315
3210316
3210317
3210319
3210321
3210322
3210326
3210327
3210328
3210329
3210341
3210342
3210351
3210352
3210356
3210357
3210372
3210400
3210401
3210402
3210403
3210405
3210406
3210442
3210500
3210512
3210525
3210538
3210539
3210541
3210542
3210545
3210547
3210549
3210568
3210570
3210583
3210600
3210601
3210602
3210603
3210604
3210605
3210606
3210607
3210609
3210610
3210611
3210612
3210871
3210884
3210897
3210907
3210923
3210925
3210936
3210978
3210981
3210994
3211022
3211025
3211027
3211210
3211223
3211236
3211249
3211252
3211253
3211254
3211255
3211260
3211261
3211262
3211263
3211427
3211430
3211431
3211432
3211433
3211443
3211445
3211447
3211456
3211469
3211472
3211480
3211485
3211498
3211650
3211663
3211676
3211758
3211761
3211762
3211775
3211776
3211777
3211778
3211780
3211791
3211792
3211793
3211794
3211799
3211812
3211815
3211820
3211825
3211827
3211832
3211838
3211841
3211848
3211854
3211855
3211856
3211857
3211859
3211860
3211862
3211864
3211865
3211866
3211867
3211868
3211870
3211874
3211886
3211888
3211890
3211892
3211895
3211897
3211899
3211901
3211904
3211905
3211906
3211907
3211908
3211909
3211911
3211913
3211915
3211919
3211921
3211922
3211934
3211935
3211937
3211942
3211991
3211993
3211994
3211999
3212000
3212002
3212007
3212008
3212011
3212064
3212065
3212066
3212068
3212069
3212070
3212071
3212072
3212073
3212075
3212076
3212078
3212079
3212081
3212082
3212095
3212112
3212123
3212124
3212125
3212133
3212139
3212141
3212142
3212143
3212144
3212145
3212146
3212148
3212154
3212160
3212163
3212166
3212169
3212170
3212172
3212175
3212183
3212196
3212200
3212201
3212202
3212300
3212301
3212302
3212306
3212316
3212329
3212330
3212332
3212358
3212361
3212362
3212363
3212374
3212390
3212400
3212413
3212439
3212442
3212443
3212444
3212455
3212468
3212934
3212947
3212950
3213124
3213136
3213137
3213139
3213140
3213141
3213142
3213143
3213144
3213221
3213601
3213602
3213603
3213604
3213605
3213606
3213607
3213608
3213609
3213713
3213726
3213739
3213742
3213755
3213768
3213784
3213797
3213810
3213823
3213836
3213849
3213852
3213865
3213878
3213881
3213933
3213937
3213938
3213939
3213941
3213943
3213944
3213945
3213947
3213948
3213949
3213950
3213951
3213952
3213953
3213954
3213955
3213956
3213957
3213958
3213959
3213960
3213961
3213962
3213963
3213964
3213965
3213966
3213967
3213968
3213969
3213970
3213971
3213972
3213973
3214014
3214015
3214016
3214023
3214024
3214025
3214029
3214048
3214049
3214050
3214051
3214052
3214080
3214081
3214082
3214262
3214275
3214288
3214291
3214301
3214321
3214322
3214323
3214324
3214326
3214360
3214361
3214362
3214363
3214364
3214365
3214366
3214367
3214368
3214424
3214453
3214466
3214479
3214495
3214496
3214505
3214518
3214521
3214547
3214550
3214563
3214589
3214592
3214602
3214615
3214631
3214644
3214657
3214660
3214661
3214662
3214663
3214666
3214673
3214686
3214709
3214712
3214725
3215041
3215042
3215915
3215928
3216053
3244012
3244025
3244038
3244041
3244054
3244067
3244070
3244096
3244106
3244119
3244122
3244135
3244148
3244149
3244151
3244164
3244177
3244193
3244203
3244216
3244229
3244232
3244245
3244258
3244261
3244287
3244290
3244300
3244313
3244326
3244339
3244342
3244368
3244371
3244410
3244423
3244436
3244449
3244452
3244465
3244466
3244467
3244470
3244471
3244472
3244473
3244481
3244517
3244520
3244559
3244560
3244561
3244601
3244614
3244615
3244616
3244627
3244628
3244629
3244630
3244631
3244632
3245011
3245024
3245037
3245040
3245053
3245066
3245121
3245969
3247052
3247053
3247054
3247055
3247056
3247400
3247402
3247419
3247420
3247433
3247434
3247447
3247461
3247462
3247973
3247974
3247975
3247976
3247977
3247978
3247986
3247987
3247988
3247989
3247990
3247991
3248005
3248025
3248026
3248027
3248031
3248032
3248035
3248036
3248037
3248038
3248039
3248040
3248100
3248101
3248110
3248115
3248116
3248117
3248126
3248130
3248150
3248152
3248154
3249005
3249006
3249007
3249011
3249012
3249017
3249020
3249062
3249075
3249088
3249091
3249143
3249156
3249198
3249208
3249211
3249224
3260051
3260052
3260053
3260054
3260055
3260056
3260057
3260058
3260059
3260060
3260061
3260062
3260063
3260064
3260065
3260066
3260069
3260103
3260106
3260109
3260112
3260115
3260118
3260121
3260124
3260127
3260130
3260133
3260136
3260139
3260142
3260145
3260148
3260151
3260154
3260163
3260166
3270040
3270043
3270047
3270050
3270053
3270054
3270056
3270059
3270062
3270065
3270067
3270070
3270073
3270076
3270079
3270082
3270085
3270088
3270091
3270094
3270106
3270109
3270110
3270111
3270125
3270126
3270130
3270131
3270138
3270142
3270145
3270148
3270149
3270157
3270158
3270159
3270160
3270178
3270181
3270184
3270185
3270191
3270192
3270194
3270196
3270197
3270200
3270202
3270203
3270204
3270205
3270207
3270208
3270209
3270210
3270220
3270221
3270222
3270223
3270224
3270225
3270226
3270227
3270246
3270247
3270248
3270249
3270251
3270254
3270257
3270260
3270263
3270266
3270269
3270272
3270275
3270500
3270503
3270506
3270509
3271050
3271051
3271055
3271060
3271061
3271065
3271070
3271071
3271075
3271080
3271081
3271082
3271083
3271300
3271303
3271305
3271309
3271311
3271314
3271317
3271320
3271323
3271326
3271329
3271331
3271334
3271403
3271409
3273504
3273506
3273508
3273510
3273512
3273514
3273516
3273518
3273520
3273521
3273522
3273524
3280112
3280113
3280114
3280115
3280116
3280117
3281100
3281101
3281102
3281103
3281104
3281105
3281107
3281108
3281109
3281110
3281111
3281112
3281114
3281115
3281116
3281117
3281118
3281119
3281122
3281123
3281124
3281133
3281136
3281139
3281142
3281176
3281179
3281182
3281185
3281200
3281205
279-101
279-104
279-501
279-504
279-507
279-508
279-512
279-513
279-517
279-527
279-604
279-621
279-626
279-681
279-682
279-683
279-684
279-685
279-686
279-687
279-826
279-831
279-832
279-833
279-834
279-835
279-836
279-837
279-838
279-901
279-902
279-903
279-904
279-905
279-906
279-907
279-989
279-990
279-992
279-993
279-994
279-995
280-101
280-104
280-107
280-510
280-514
280-517
280-527
280-528
280-531
280-532
280-547
280-553
280-555
280-560
280-562
280-564
280-567
280-570
280-571
280-572
280-575
280-578
280-580
280-587
280-588
280-592
280-593
280-597
280-601
280-602
280-603
280-604
280-606
280-607
280-610
280-612
280-614
280-616
280-621
280-622
280-626
280-627
280-632
280-633
280-634
280-637
280-640
280-641
280-646
280-649
280-650
280-651
280-653
280-654
280-656
280-671
280-672
280-675
280-676
280-677
280-678
280-681
280-683
280-684
280-685
280-686
280-687
280-695
280-805
280-816
280-826
280-829
280-830
280-831
280-832
280-833
280-834
280-835
280-836
280-837
280-838
280-839
280-868
280-870
280-874
280-876
280-879
280-881
280-883
280-885
280-901
280-902
280-903
280-904
280-905
280-906
280-907
280-912
280-913
280-914
280-916
280-946
280-989
280-990
280-992
280-993
280-994
280-995
280-996
280-998
280-999
281-101
281-104
281-107
281-530
281-531
281-532
281-601
281-604
281-607
281-610
281-611
281-612
281-613
281-616
281-622
281-623
281-624
281-631
281-637
281-651
281-652
281-653
281-654
281-656
281-657
281-658
281-659
281-660
281-663
281-664
281-668
281-672
281-678
281-679
281-681
281-683
281-684
281-685
281-686
281-687
281-691
281-901
281-902
281-903
281-904
281-905
281-906
281-907
281-912
281-916
281-917
281-992
281-993
281-994
281-998
282-101
282-104
282-107
282-120
282-122
282-124
282-126
282-128
282-131
282-133
282-135
282-138
282-139
282-140
282-141
282-601
282-604
282-607
282-638
282-639
282-640
282-641
282-681
282-682
282-684
282-687
282-691
282-694
282-695
282-696
282-697
282-699
282-811
282-821
282-841
282-860
282-865
282-866
282-868
282-870
282-901
282-902
282-904
282-907
282-992
282-993
283-101
283-104
283-107
283-601
283-604
283-607
283-671
283-672
283-674
283-677
